5.595420457563591299e-01
7.242062489207634624e-01
0.000000000000000000e+00
0.000000000000000000e+00
5.595420457565873917e-01
7.242062489195357777e-01
0.000000000000000000e+00
0.000000000000000000e+00
0.000000000000000000e+00
6.496668539818024612e-01
6.340814406948309667e-01
0.000000000000000000e+00
0.000000000000000000e+00
0.000000000000000000e+00
0.000000000000000000e+00
0.000000000000000000e+00
0.000000000000000000e+00
0.000000000000000000e+00
0.000000000000000000e+00
6.340814406949251136e-01
0.000000000000000000e+00
0.000000000000000000e+00
0.000000000000000000e+00
0.000000000000000000e+00
0.000000000000000000e+00
0.000000000000000000e+00
0.000000000000000000e+00
0.000000000000000000e+00
6.496668539817473942e-01
0.000000000000000000e+00
0.000000000000000000e+00
0.000000000000000000e+00
0.000000000000000000e+00
0.000000000000000000e+00
0.000000000000000000e+00
0.000000000000000000e+00
0.000000000000000000e+00
0.000000000000000000e+00
0.000000000000000000e+00
0.000000000000000000e+00
0.000000000000000000e+00
0.000000000000000000e+00
0.000000000000000000e+00
0.000000000000000000e+00
0.000000000000000000e+00
0.000000000000000000e+00
0.000000000000000000e+00
0.000000000000000000e+00
0.000000000000000000e+00
0.000000000000000000e+00
0.000000000000000000e+00
0.000000000000000000e+00
0.000000000000000000e+00
0.000000000000000000e+00
0.000000000000000000e+00
0.000000000000000000e+00
0.000000000000000000e+00
0.000000000000000000e+00
0.000000000000000000e+00
0.000000000000000000e+00
0.000000000000000000e+00
0.000000000000000000e+00
0.000000000000000000e+00
0.000000000000000000e+00
0.000000000000000000e+00
0.000000000000000000e+00
0.000000000000000000e+00
0.000000000000000000e+00
0.000000000000000000e+00
0.000000000000000000e+00
0.000000000000000000e+00
0.000000000000000000e+00
0.000000000000000000e+00
0.000000000000000000e+00
0.000000000000000000e+00
0.000000000000000000e+00
0.000000000000000000e+00
0.000000000000000000e+00
2.380225023926729744e-01
5.595420457566993022e-01
1.510483969418991990e-01
3.351353495852507081e-01
2.380225023926745287e-01
5.595420457565967176e-01
2.411732051664019494e-01
2.450105413603749227e-01
7.105904426981748401e-01
3.281473106179415566e-01
2.450105413603607118e-01
9.127456275440870570e-02
0.000000000000000000e+00
0.000000000000000000e+00
8.374361652630968322e-02
1.649521124364217162e-01
0.000000000000000000e+00
0.000000000000000000e+00
9.406654767609712309e-02
0.000000000000000000e+00
6.166745993668421022e-02
0.000000000000000000e+00
0.000000000000000000e+00
0.000000000000000000e+00
3.833037478495437966e-02
4.297523014146626963e-01
0.000000000000000000e+00
0.000000000000000000e+00
1.748288464398051190e-01
1.334517360730071989e-01
1.433884354655341475e-01
7.054256126249158765e-02
0.000000000000000000e+00
0.000000000000000000e+00
1.338408584313716121e-01
8.642539134597093664e-02
0.000000000000000000e+00
0.000000000000000000e+00
2.959976814448030957e-01
5.952084597780160635e-02
0.000000000000000000e+00
0.000000000000000000e+00
0.000000000000000000e+00
0.000000000000000000e+00
0.000000000000000000e+00
2.325899892227401011e-02
5.662604013655148094e-02
0.000000000000000000e+00
0.000000000000000000e+00
0.000000000000000000e+00
2.547948305790916912e-01
9.301182500454530100e-02
0.000000000000000000e+00
7.491069552202289650e-02
0.000000000000000000e+00
4.237999857941732174e-02
1.601571246413810989e-01
6.010651735618788294e-02
7.054256126252272940e-02
0.000000000000000000e+00
0.000000000000000000e+00
0.000000000000000000e+00
0.000000000000000000e+00
0.000000000000000000e+00
0.000000000000000000e+00
0.000000000000000000e+00
0.000000000000000000e+00
0.000000000000000000e+00
0.000000000000000000e+00
1.770942697511355135e-01
6.040724480135750696e-02
1.685055281729982701e-01
0.000000000000000000e+00
1.649521124363879654e-01
9.318523133253386881e-02
0.000000000000000000e+00
1.602985055041430407e-01
1.591226447420694967e-01
